# element type definition (0: MMstrip, 1: TGCstrip, 2: TGCwire, 3:TGCpad)
#mmfe8-channel element-type TZ-chamber-strip
128         0        0		
129         0        1		
130         0        2		
131         0        3		
132         0        4		
133         0        5		
134         0        6		
135         0        7		
136         0        8		
137         0        9		
138         0        10		
139         0        11		
140         0        12		
141         0        13		
142         0        14		
143         0        15		
144         0        16		
145         0        17		
146         0        18		
147         0        19		
148         0        20		
149         0        21		
150         0        22		
151         0        23		
152         0        24		
153         0        25		
154         0        26		
155         0        27		
156         0        28		
157         0        29		
158         0        30		
159         0        31		
160         0        32		
161         0        33		
162         0        34		
163         0        35		
164         0        36		
165         0        37		
166         0        38		
167         0        39		
168         0        40		
169         0        41		
170         0        42		
171         0        43		
172         0        44		
173         0        45		
174         0        46		
175         0        47		
176         0        48		
177         0        49		
178         0        50		
179         0        51		
180         0        52		
181         0        53		
182         0        54		
183         0        55		
184         0        56		
185         0        57		
186         0        58		
187         0        59		
188         0        60		
189         0        61		
190         0        62		
191         0        63		
192         0        64		
193         0        65		
194         0        66		
195         0        67		
196         0        68		
197         0        69		
198         0        70		
199         0        71		
200         0        72		
201         0        73		
202         0        74		
203         0        75		
204         0        76		
205         0        77		
206         0        78		
207         0        79		
208         0        80		
209         0        81		
210         0        82		
211         0        83		
212         0        84		
213         0        85		
214         0        86		
215         0        87		
216         0        88		
217         0        89		
218         0        90		
219         0        91		
220         0        92		
221         0        93		
222         0        94		
223         0        95		
224         0        96		
225         0        97		
226         0        98		
227         0        99		
228         0        100		
229         0        101		
230         0        102		
231         0        103		
232         0        104		
233         0        105		
234         0        106		
235         0        107		
236         0        108		
237         0        109		
238         0        110		
239         0        111		
240         0        112		
241         0        113		
242         0        114		
243         0        115		
244         0        116		
245         0        117		
246         0        118		
247         0        119		
248         0        120		
249         0        121		
250         0        122		
251         0        123		
252         0        124		
253         0        125		
254         0        126		
255         0        127		
256         0        128		
257         0        129		
258         0        130		
259         0        131		
260         0        132		
261         0        133		
262         0        134		
263         0        135		
264         0        136		
265         0        137		
266         0        138		
267         0        139		
268         0        140		
269         0        141		
270         0        142		
271         0        143		
272         0        144		
273         0        145		
274         0        146		
275         0        147		
276         0        148		
277         0        149		
278         0        150		
279         0        151		
280         0        152		
281         0        153		
282         0        154		
283         0        155		
284         0        156		
285         0        157		
286         0        158		
287         0        159		
288         0        160		
289         0        161		
290         0        162		
291         0        163		
292         0        164		
293         0        165		
294         0        166		
295         0        167		
296         0        168		
297         0        169		
298         0        170		
299         0        171		
300         0        172		
301         0        173		
302         0        174		
303         0        175		
304         0        176		
305         0        177		
306         0        178		
307         0        179		
308         0        180		
309         0        181		
310         0        182		
311         0        183		
312         0        184		
313         0        185		
314         0        186		
315         0        187		
316         0        188		
317         0        189		
318         0        190		
319         0        191		
320         0        192		
321         0        193		
322         0        194		
323         0        195		
324         0        196		
325         0        197		
326         0        198		
327         0        199		
328         0        200		
329         0        201		
330         0        202		
331         0        203		
332         0        204		
333         0        205		
334         0        206		
335         0        207		
336         0        208		
337         0        209		
338         0        210		
339         0        211		
340         0        212		
341         0        213		
342         0        214		
343         0        215		
344         0        216		
345         0        217		
346         0        218		
347         0        219		
348         0        220		
349         0        221		
350         0        222		
351         0        223		
352         0        224		
353         0        225		
354         0        226		
355         0        227		
356         0        228		
357         0        229		
358         0        230		
359         0        231		
360         0        232		
361         0        233		
362         0        234		
363         0        235		
364         0        236		
365         0        237		
366         0        238		
367         0        239		
368         0        240		
369         0        241		
370         0        242		
371         0        243		
372         0        244		
373         0        245		
374         0        246		
375         0        247		
376         0        248		
377         0        249		
378         0        250		
379         0        251		
380         0        252		
381         0        253		
382         0        254		
383         0        255		
